1
2
3
4 leap
5
6
7
8 leap
9
10
11
12 leap
13
14
15
16 leap
17
18
19
20 leap
21
22
23
24 leap
25
26
27
28 leap
29
30
31
32 leap
33
34
35
36 leap
37
38
39
40 leap
41
42
43
44 leap
45
46
47
48 leap
49
50
51
52 leap
53
54
55
56 leap
57
58
59
60 leap
61
62
63
64 leap
65
66
67
68 leap
69
70
71
72 leap
73
74
75
76 leap
77
78
79
80 leap
81
82
83
84 leap
85
86
87
88 leap
89
90
91
92 leap
93
94
95
96 leap
97
98
99
100
101
102
103
104 leap
105
106
107
108 leap
109
110
111
112 leap
113
114
115
116 leap
117
118
119
120 leap
121
122
123
124 leap
125
126
127
128 leap
129
130
131
132 leap
133
134
135
136 leap
137
138
139
140 leap
141
142
143
144 leap
145
146
147
148 leap
149
150
151
152 leap
153
154
155
156 leap
157
158
159
160 leap
161
162
163
164 leap
165
166
167
168 leap
169
170
171
172 leap
173
174
175
176 leap
177
178
179
180 leap
181
182
183
184 leap
185
186
187
188 leap
189
190
191
192 leap
193
194
195
196 leap
197
198
199
200
201
202
203
204 leap
205
206
207
208 leap
209
210
211
212 leap
213
214
215
216 leap
217
218
219
220 leap
221
222
223
224 leap
225
226
227
228 leap
229
230
231
232 leap
233
234
235
236 leap
237
238
239
240 leap
241
242
243
244 leap
245
246
247
248 leap
249
250
251
252 leap
253
254
255
256 leap
257
258
259
260 leap
261
262
263
264 leap
265
266
267
268 leap
269
270
271
272 leap
273
274
275
276 leap
277
278
279
280 leap
281
282
283
284 leap
285
286
287
288 leap
289
290
291
292 leap
293
294
295
296 leap
297
298
299
300
301
302
303
304 leap
305
306
307
308 leap
309
310
311
312 leap
313
314
315
316 leap
317
318
319
320 leap
321
322
323
324 leap
325
326
327
328 leap
329
330
331
332 leap
333
334
335
336 leap
337
338
339
340 leap
341
342
343
344 leap
345
346
347
348 leap
349
350
351
352 leap
353
354
355
356 leap
357
358
359
360 leap
361
362
363
364 leap
365
366
367
368 leap
369
370
371
372 leap
373
374
375
376 leap
377
378
379
380 leap
381
382
383
384 leap
385
386
387
388 leap
389
390
391
392 leap
393
394
395
396 leap
397
398
399
400 leap
401
402
403
404 leap
405
406
407
408 leap
409
410
411
412 leap
413
414
415
416 leap
417
418
419
420 leap
421
422
423
424 leap
425
426
427
428 leap
429
430
431
432 leap
433
434
435
436 leap
437
438
439
440 leap
441
442
443
444 leap
445
446
447
448 leap
449
450
451
452 leap
453
454
455
456 leap
457
458
459
460 leap
461
462
463
464 leap
465
466
467
468 leap
469
470
471
472 leap
473
474
475
476 leap
477
478
479
480 leap
481
482
483
484 leap
485
486
487
488 leap
489
490
491
492 leap
493
494
495
496 leap
497
498
499
500
501
502
503
504 leap
505
506
507
508 leap
509
510
511
512 leap
513
514
515
516 leap
517
518
519
520 leap
521
522
523
524 leap
525
526
527
528 leap
529
530
531
532 leap
533
534
535
536 leap
537
538
539
540 leap
541
542
543
544 leap
545
546
547
548 leap
549
550
551
552 leap
553
554
555
556 leap
557
558
559
560 leap
561
562
563
564 leap
565
566
567
568 leap
569
570
571
572 leap
573
574
575
576 leap
577
578
579
580 leap
581
582
583
584 leap
585
586
587
588 leap
589
590
591
592 leap
593
594
595
596 leap
597
598
599
600
601
602
603
604 leap
605
606
607
608 leap
609
610
611
612 leap
613
614
615
616 leap
617
618
619
620 leap
621
622
623
624 leap
625
626
627
628 leap
629
630
631
632 leap
633
634
635
636 leap
637
638
639
640 leap
641
642
643
644 leap
645
646
647
648 leap
649
650
651
652 leap
653
654
655
656 leap
657
658
659
660 leap
661
662
663
664 leap
665
666
667
668 leap
669
670
671
672 leap
673
674
675
676 leap
677
678
679
680 leap
681
682
683
684 leap
685
686
687
688 leap
689
690
691
692 leap
693
694
695
696 leap
697
698
699
700
701
702
703
704 leap
705
706
707
708 leap
709
710
711
712 leap
713
714
715
716 leap
717
718
719
720 leap
721
722
723
724 leap
725
726
727
728 leap
729
730
731
732 leap
733
734
735
736 leap
737
738
739
740 leap
741
742
743
744 leap
745
746
747
748 leap
749
750
751
752 leap
753
754
755
756 leap
757
758
759
760 leap
761
762
763
764 leap
765
766
767
768 leap
769
770
771
772 leap
773
774
775
776 leap
777
778
779
780 leap
781
782
783
784 leap
785
786
787
788 leap
789
790
791
792 leap
793
794
795
796 leap
797
798
799
800 leap
801
802
803
804 leap
805
806
807
808 leap
809
810
811
812 leap
813
814
815
816 leap
817
818
819
820 leap
821
822
823
824 leap
825
826
827
828 leap
829
830
831
832 leap
833
834
835
836 leap
837
838
839
840 leap
841
842
843
844 leap
845
846
847
848 leap
849
850
851
852 leap
853
854
855
856 leap
857
858
859
860 leap
861
862
863
864 leap
865
866
867
868 leap
869
870
871
872 leap
873
874
875
876 leap
877
878
879
880 leap
881
882
883
884 leap
885
886
887
888 leap
889
890
891
892 leap
893
894
895
896 leap
897
898
899
900
901
902
903
904 leap
905
906
907
908 leap
909
910
911
912 leap
913
914
915
916 leap
917
918
919
920 leap
921
922
923
924 leap
925
926
927
928 leap
929
930
931
932 leap
933
934
935
936 leap
937
938
939
940 leap
941
942
943
944 leap
945
946
947
948 leap
949
950
951
952 leap
953
954
955
956 leap
957
958
959
960 leap
961
962
963
964 leap
965
966
967
968 leap
969
970
971
972 leap
973
974
975
976 leap
977
978
979
980 leap
981
982
983
984 leap
985
986
987
988 leap
989
990
991
992 leap
993
994
995
996 leap
997
998
999
1000
1001
1002
1003
1004 leap
1005
1006
1007
1008 leap
1009
1010
1011
1012 leap
1013
1014
1015
1016 leap
1017
1018
1019
1020 leap
1021
1022
1023
1024 leap
1025
1026
1027
1028 leap
1029
1030
1031
1032 leap
1033
1034
1035
1036 leap
1037
1038
1039
1040 leap
1041
1042
1043
1044 leap
1045
1046
1047
1048 leap
1049
1050
1051
1052 leap
1053
1054
1055
1056 leap
1057
1058
1059
1060 leap
1061
1062
1063
1064 leap
1065
1066
1067
1068 leap
1069
1070
1071
1072 leap
1073
1074
1075
1076 leap
1077
1078
1079
1080 leap
1081
1082
1083
1084 leap
1085
1086
1087
1088 leap
1089
1090
1091
1092 leap
1093
1094
1095
1096 leap
1097
1098
1099
1100
1101
1102
1103
1104 leap
1105
1106
1107
1108 leap
1109
1110
1111
1112 leap
1113
1114
1115
1116 leap
1117
1118
1119
1120 leap
1121
1122
1123
1124 leap
1125
1126
1127
1128 leap
1129
1130
1131
1132 leap
1133
1134
1135
1136 leap
1137
1138
1139
1140 leap
1141
1142
1143
1144 leap
1145
1146
1147
1148 leap
1149
1150
1151
1152 leap
1153
1154
1155
1156 leap
1157
1158
1159
1160 leap
1161
1162
1163
1164 leap
1165
1166
1167
1168 leap
1169
1170
1171
1172 leap
1173
1174
1175
1176 leap
1177
1178
1179
1180 leap
1181
1182
1183
1184 leap
1185
1186
1187
1188 leap
1189
1190
1191
1192 leap
1193
1194
1195
1196 leap
1197
1198
1199
1200 leap
1201
1202
1203
1204 leap
1205
1206
1207
1208 leap
1209
1210
1211
1212 leap
1213
1214
1215
1216 leap
1217
1218
1219
1220 leap
1221
1222
1223
1224 leap
1225
1226
1227
1228 leap
1229
1230
1231
1232 leap
1233
1234
1235
1236 leap
1237
1238
1239
1240 leap
1241
1242
1243
1244 leap
1245
1246
1247
1248 leap
1249
1250
1251
1252 leap
1253
1254
1255
1256 leap
1257
1258
1259
1260 leap
1261
1262
1263
1264 leap
1265
1266
1267
1268 leap
1269
1270
1271
1272 leap
1273
1274
1275
1276 leap
1277
1278
1279
1280 leap
1281
1282
1283
1284 leap
1285
1286
1287
1288 leap
1289
1290
1291
1292 leap
1293
1294
1295
1296 leap
1297
1298
1299
1300
1301
1302
1303
1304 leap
1305
1306
1307
1308 leap
1309
1310
1311
1312 leap
1313
1314
1315
1316 leap
1317
1318
1319
1320 leap
1321
1322
1323
1324 leap
1325
1326
1327
1328 leap
1329
1330
1331
1332 leap
1333
1334
1335
1336 leap
1337
1338
1339
1340 leap
1341
1342
1343
1344 leap
1345
1346
1347
1348 leap
1349
1350
1351
1352 leap
1353
1354
1355
1356 leap
1357
1358
1359
1360 leap
1361
1362
1363
1364 leap
1365
1366
1367
1368 leap
1369
1370
1371
1372 leap
1373
1374
1375
1376 leap
1377
1378
1379
1380 leap
1381
1382
1383
1384 leap
1385
1386
1387
1388 leap
1389
1390
1391
1392 leap
1393
1394
1395
1396 leap
1397
1398
1399
1400
1401
1402
1403
1404 leap
1405
1406
1407
1408 leap
1409
1410
1411
1412 leap
1413
1414
1415
1416 leap
1417
1418
1419
1420 leap
1421
1422
1423
1424 leap
1425
1426
1427
1428 leap
1429
1430
1431
1432 leap
1433
1434
1435
1436 leap
1437
1438
1439
1440 leap
1441
1442
1443
1444 leap
1445
1446
1447
1448 leap
1449
1450
1451
1452 leap
1453
1454
1455
1456 leap
1457
1458
1459
1460 leap
1461
1462
1463
1464 leap
1465
1466
1467
1468 leap
1469
1470
1471
1472 leap
1473
1474
1475
1476 leap
1477
1478
1479
1480 leap
1481
1482
1483
1484 leap
1485
1486
1487
1488 leap
1489
1490
1491
1492 leap
1493
1494
1495
1496 leap
1497
1498
1499
1500
1501
1502
1503
1504 leap
1505
1506
1507
1508 leap
1509
1510
1511
1512 leap
1513
1514
1515
1516 leap
1517
1518
1519
1520 leap
1521
1522
1523
1524 leap
1525
1526
1527
1528 leap
1529
1530
1531
1532 leap
1533
1534
1535
1536 leap
1537
1538
1539
1540 leap
1541
1542
1543
1544 leap
1545
1546
1547
1548 leap
1549
1550
1551
1552 leap
1553
1554
1555
1556 leap
1557
1558
1559
1560 leap
1561
1562
1563
1564 leap
1565
1566
1567
1568 leap
1569
1570
1571
1572 leap
1573
1574
1575
1576 leap
1577
1578
1579
1580 leap
1581
1582
1583
1584 leap
1585
1586
1587
1588 leap
1589
1590
1591
1592 leap
1593
1594
1595
1596 leap
1597
1598
1599
1600 leap
1601
1602
1603
1604 leap
1605
1606
1607
1608 leap
1609
1610
1611
1612 leap
1613
1614
1615
1616 leap
1617
1618
1619
1620 leap
1621
1622
1623
1624 leap
1625
1626
1627
1628 leap
1629
1630
1631
1632 leap
1633
1634
1635
1636 leap
1637
1638
1639
1640 leap
1641
1642
1643
1644 leap
1645
1646
1647
1648 leap
1649
1650
1651
1652 leap
1653
1654
1655
1656 leap
1657
1658
1659
1660 leap
1661
1662
1663
1664 leap
1665
1666
1667
1668 leap
1669
1670
1671
1672 leap
1673
1674
1675
1676 leap
1677
1678
1679
1680 leap
1681
1682
1683
1684 leap
1685
1686
1687
1688 leap
1689
1690
1691
1692 leap
1693
1694
1695
1696 leap
1697
1698
1699
1700
1701
1702
1703
1704 leap
1705
1706
1707
1708 leap
1709
1710
1711
1712 leap
1713
1714
1715
1716 leap
1717
1718
1719
1720 leap
1721
1722
1723
1724 leap
1725
1726
1727
1728 leap
1729
1730
1731
1732 leap
1733
1734
1735
1736 leap
1737
1738
1739
1740 leap
1741
1742
1743
1744 leap
1745
1746
1747
1748 leap
1749
1750
1751
1752 leap
1753
1754
1755
1756 leap
1757
1758
1759
1760 leap
1761
1762
1763
1764 leap
1765
1766
1767
1768 leap
1769
1770
1771
1772 leap
1773
1774
1775
1776 leap
1777
1778
1779
1780 leap
1781
1782
1783
1784 leap
1785
1786
1787
1788 leap
1789
1790
1791
1792 leap
1793
1794
1795
1796 leap
1797
1798
1799
1800
1801
1802
1803
1804 leap
1805
1806
1807
1808 leap
1809
1810
1811
1812 leap
1813
1814
1815
1816 leap
1817
1818
1819
1820 leap
1821
1822
1823
1824 leap
1825
1826
1827
1828 leap
1829
1830
1831
1832 leap
1833
1834
1835
1836 leap
1837
1838
1839
1840 leap
1841
1842
1843
1844 leap
1845
1846
1847
1848 leap
1849
1850
1851
1852 leap
1853
1854
1855
1856 leap
1857
1858
1859
1860 leap
1861
1862
1863
1864 leap
1865
1866
1867
1868 leap
1869
1870
1871
1872 leap
1873
1874
1875
1876 leap
1877
1878
1879
1880 leap
1881
1882
1883
1884 leap
1885
1886
1887
1888 leap
1889
1890
1891
1892 leap
1893
1894
1895
1896 leap
1897
1898
1899
1900
1901
1902
1903
1904 leap
1905
1906
1907
1908 leap
1909
1910
1911
1912 leap
1913
1914
1915
1916 leap
1917
1918
1919
1920 leap
1921
1922
1923
1924 leap
1925
1926
1927
1928 leap
1929
1930
1931
1932 leap
1933
1934
1935
1936 leap
1937
1938
1939
1940 leap
1941
1942
1943
1944 leap
1945
1946
1947
1948 leap
1949
1950
1951
1952 leap
1953
1954
1955
1956 leap
1957
1958
1959
1960 leap
1961
1962
1963
1964 leap
1965
1966
1967
1968 leap
1969
1970
1971
1972 leap
1973
1974
1975
1976 leap
1977
1978
1979
1980 leap
1981
1982
1983
1984 leap
1985
1986
1987
1988 leap
1989
1990
1991
1992 leap
1993
1994
1995
1996 leap
1997
1998
1999
2000 leap
2001
2002
2003
2004 leap
2005
2006
2007
2008 leap
2009
2010
2011
2012 leap
2013
2014
2015
2016 leap
2017
2018
2019
2020 leap
2021
2022
2023
2024 leap
2025
2026
2027
2028 leap
2029
2030
2031
2032 leap
2033
2034
2035
2036 leap
2037
2038
2039
2040 leap
2041
2042
2043
2044 leap
2045
2046
2047
2048 leap
2049
2050
2051
2052 leap
2053
2054
2055
2056 leap
2057
2058
2059
2060 leap
2061
2062
2063
2064 leap
2065
2066
2067
2068 leap
2069
2070
2071
2072 leap
2073
2074
2075
2076 leap
2077
2078
2079
2080 leap
2081
2082
2083
2084 leap
2085
2086
2087
2088 leap
2089
2090
2091
2092 leap
2093
2094
2095
2096 leap
2097
2098
2099
2100
